---
build/images/backgrounds/fuel.jpg: 2015-06-24 14:17:24.000000000 -05:00
build/images/favicon.png: 2015-06-24 14:17:24.000000000 -05:00
build/images/icons/arrow-icon-next.svg: 2015-06-24 14:17:24.000000000 -05:00
build/images/icons/arrow-icon-prev.svg: 2015-06-24 14:17:24.000000000 -05:00
build/images/icons/marketing-sprite.svg: 2015-06-24 14:17:24.000000000 -05:00
build/images/logos/logo.svg: 2015-06-24 14:17:22.000000000 -05:00
build/images/ui/create-img.png: 2015-06-24 14:18:07.000000000 -05:00
build/images/ui/download-img.png: 2015-06-24 14:18:13.000000000 -05:00
build/images/ui/publish-img.png: 2015-06-24 14:18:51.000000000 -05:00
